1560004887.889983750 21.294 21.1786 0 0.958437 0 0 -0.285305
1560004890.389021750 21.3533 21.2653 0 0.994306 0 0 -0.106563
1560004892.887946750 22.908 21.2824 0 0.999757 0 0 -0.0220216
1560004895.386990750 24.3404 20.4755 0 0.858658 0 0 -0.51255
1560004897.886027750 25.1463 19.1966 0 0.923865 0 0 -0.382718
1560004900.384998750 26.4154 18.6266 0 0.983909 0 0 -0.178669
1560004902.883993750 27.7441 18.3143 0 0.996381 0 0 -0.0849941
1560004905.383005750 29.1696 18.6804 0 0.980102 0 0 0.198493
1560004907.881948750 30.0688 19.5088 0 0.868851 0 0 0.495074
1560004910.381071750 30.5588 20.5973 0 0.896618 0 0 0.442805
1560004912.880080750 31.4388 21.0836 0 0.998772 0 0 -0.0495492
1560004915.379093750 31.536 20.5856 0 0.659036 0 0 -0.752111
1560004917.878225750 31.0477 20.5424 0 0.0503118 0 0 0.998734
1560004920.377293750 30.2649 19.9145 0 0.566764 0 0 -0.82388
1560004922.876524750 29.3905 18.9604 0 -0.256137 0 0 0.96664
1560004925.375450750 28.1135 18.377 0 -0.132537 0 0 0.991178
1560004927.874526750 26.5664 18.8122 0 0.194618 0 0 0.980879
1560004930.373620750 25.009 19.6621 0 0.397439 0 0 0.917629
1560004932.872772750 23.9088 21.0769 0 0.288739 0 0 0.957408
1560004935.371940750 22.2257 21.1854 0 0.0236534 0 0 0.99972
1560004937.871144750 21.1566 21.2556 0 0.0390192 0 0 0.999238
1560004940.370280750 20.9346 21.2627 0 0.0391732 0 0 0.999232
1560025166.009372250 30.1539 17.9889 0 0.56127 0 0 0.827633
1560025168.505941250 29.8521 18.5613 0 0.574587 0 0 0.818443
1560025171.002538250 29.6311 18.7667 0 0.335013 0 0 0.942214
1560025173.499163250 29.5203 18.7573 0 0.152024 0 0 0.988377
1560025175.995761250 29.4551 18.8124 0 0.239924 0 0 0.970792
1560025178.492616250 28.9763 18.8877 0 0.0181132 0 0 0.999836
1560025180.989237250 28.3297 18.6103 0 -0.189188 0 0 0.981941
1560025183.485831250 27.7047 18.4934 0 -0.0223382 0 0 0.99975
1560025185.982543250 27.0041 18.5523 0 0.10585 0 0 0.994382
1560025188.479170250 25.7541 19.0615 0 0.248362 0 0 0.968667
1560025190.975888250 24.7117 20.2874 0 0.501756 0 0 0.865009
1560025193.472611250 23.3304 20.9744 0 0.113548 0 0 0.993533
1560025195.969246250 21.787 21.1985 0 0.109069 0 0 0.994034
1560025198.465978250 21.1558 21.3166 0 0.0929392 0 0 0.995672
1560025110.964855250 22.3765 21.3191 0 0.991245 0 0 -0.132034
1560025113.461074250 23.8282 20.9576 0 0.985055 0 0 -0.172239
1560025115.957515250 24.6365 19.8289 0 0.800333 0 0 -0.599555
